
EDT,Max TemperatureF,Mean TemperatureF,Min TemperatureF,Max Dew PointF,MeanDew PointF,Min DewpointF,Max Humidity, Mean Humidity, Min Humidity, Max Sea Level PressureIn, Mean Sea Level PressureIn, Min Sea Level PressureIn, Max VisibilityMiles, Mean VisibilityMiles, Min VisibilityMiles, Max Wind SpeedMPH, Mean Wind SpeedMPH, Max Gust SpeedMPH,PrecipitationIn, CloudCover, Events, WindDirDegrees<br />
2007-5-1,65,57,49,45,35,27,80,55,30,30.05,29.97,29.91,10,10,4,21,11,25,0.60,6,Rain-Thunderstorm,232<br />
2007-5-2,67,58,49,50,47,44,90,69,48,30.09,29.92,29.78,10,9,5,17,7,22,0.22,7,Rain-Thunderstorm,277<br />
2007-5-3,65,56,47,44,33,22,71,46,20,30.25,30.19,30.12,10,10,10,22,9,25,0.00,2,,208<br />
2007-5-4,69,58,47,41,30,22,68,43,18,30.27,30.20,30.14,10,10,10,21,10,23,0.00,3,,308<br />
2007-5-5,66,57,47,41,33,23,63,42,20,30.18,30.13,30.05,10,10,10,26,8,33,0.00,2,,133<br />
2007-5-6,61,53,45,40,30,17,65,45,24,30.49,30.36,30.13,10,10,10,29,16,36,0.00,4,,54<br />
2007-5-7,60,51,41,39,34,28,76,55,33,30.50,30.44,30.37,10,10,10,15,7,17,0.00,4,,118<br />
2007-5-8,62,54,45,50,42,36,90,69,47,30.36,30.26,30.17,10,10,10,15,7,18,0.00,4,,192<br />
2007-5-9,74,63,52,61,56,50,93,79,64,30.17,30.10,30.04,10,7,0,22,9,24,0.00,4,,182<br />
2007-5-10,72,65,57,63,59,55,100,87,73,30.05,30.01,29.94,10,2,0,15,7,17,0.00,7,Fog,170<br />
2007-5-11,70,64,57,61,57,55,100,87,73,29.94,29.90,29.83,10,5,0,12,6,13,0.42,6,Fog-Rain-Thunderstorm,163<br />
2007-5-12,72,63,53,58,51,46,90,69,47,30.05,29.98,29.88,10,9,4,20,11,23,0.21,5,Rain,68<br />
2007-5-13,69,60,51,49,32,19,83,49,15,30.22,30.12,30.03,10,10,5,24,11,30,T,2,Rain,4<br />
2007-5-14,64,56,47,45,31,20,62,41,19,30.35,30.27,30.19,10,10,10,24,13,29,0.00,2,,211<br />
2007-5-15,82,68,54,56,49,38,64,52,39,30.19,29.95,29.80,10,10,10,25,16,29,0.00,5,,220<br />
2007-5-16,73,67,61,63,58,56,90,74,57,29.83,29.75,29.64,10,9,5,35,12,41,0.39,5,Rain-Thunderstorm,214<br />
2007-5-17,68,61,53,53,48,44,77,63,48,30.19,30.06,29.84,10,10,10,20,12,23,0.00,5,,73<br />
2007-5-18,53,50,47,44,42,40,86,77,68,30.18,30.13,30.06,10,10,7,21,13,25,0.09,8,Rain,27<br />
2007-5-19,58,54,49,48,43,38,83,67,51,30.04,29.95,29.87,10,9,6,23,11,30,0.16,7,Rain,300<br />
2007-5-20,76,65,53,52,48,45,83,59,35,29.87,29.80,29.73,10,10,10,25,14,29,T,6,Rain,284<br />
2007-5-21,71,63,54,48,43,40,77,57,36,30.22,30.06,29.88,10,10,10,22,11,25,0.00,2,,307<br />
2007-5-22,67,59,50,52,47,40,86,64,42,30.40,30.32,30.24,10,10,10,14,7,16,0.00,4,,156<br />
2007-5-23,68,61,54,53,51,48,93,76,58,30.48,30.44,30.40,10,10,10,24,13,28,0.00,4,,184<br />
2007-5-24,78,67,55,57,52,45,77,60,42,30.46,30.38,30.27,10,10,10,21,12,22,0.00,2,,218<br />
2007-5-25,87,75,63,59,56,53,73,57,40,30.27,30.19,30.10,10,10,10,17,11,20,0.00,0,Rain,226<br />
2007-5-26,88,77,65,61,57,49,73,54,35,30.12,30.09,30.05,10,10,7,18,10,25,0.00,4,,293<br />
2007-5-27,81,74,67,62,53,42,81,56,30,30.17,30.12,30.07,10,10,5,26,8,33,0.04,6,Rain,151<br />
2007-5-28,81,73,65,64,60,46,87,62,36,30.13,30.09,30.03,10,8,5,22,11,25,0.07,6,,233<br />
2007-5-29,80,70,59,54,48,43,72,50,28,30.26,30.21,30.15,10,10,10,17,9,22,0.00,1,,344<br />
2007-5-30,77,67,57,58,53,48,80,59,38,30.23,30.18,30.12,10,10,10,17,8,20,0.00,0,,195<br />
2007-5-31,86,74,62,61,59,54,84,62,40,30.12,30.10,30.06,10,10,6,16,10,,0.00,3,,161<br />
