
EDT,Max TemperatureF,Mean TemperatureF,Min TemperatureF,Max Dew PointF,MeanDew PointF,Min DewpointF,Max Humidity, Mean Humidity, Min Humidity, Max Sea Level PressureIn, Mean Sea Level PressureIn, Min Sea Level PressureIn, Max VisibilityMiles, Mean VisibilityMiles, Min VisibilityMiles, Max Wind SpeedMPH, Mean Wind SpeedMPH, Max Gust SpeedMPH,PrecipitationIn, CloudCover, Events, WindDirDegrees<br />
2006-5-1,70,58,46,41,27,20,66,36,16,30.37,30.29,30.20,10,10,10,24,12,31,0.00,2,,44<br />
2006-5-2,68,58,48,45,36,28,71,51,27,30.18,30.00,29.88,10,10,10,16,12,23,0.00,6,,10<br />
2006-5-3,69,60,51,55,48,43,100,73,42,29.90,29.86,29.80,10,9,4,18,9,23,0.19,7,Rain,359<br />
2006-5-4,73,64,55,53,51,49,87,70,49,29.91,29.83,29.74,10,10,10,18,9,,0.00,4,,237<br />
2006-5-5,78,66,55,54,51,45,87,58,32,29.79,29.75,29.71,10,10,10,16,8,,0.00,5,,240<br />
2006-5-6,70,62,52,48,41,33,58,45,32,30.00,29.80,29.75,10,10,10,21,8,28,0.00,5,,67<br />
2006-5-7,62,54,46,44,35,30,71,52,31,30.16,30.11,30.00,10,10,10,17,10,22,0.00,4,,88<br />
2006-5-8,64,58,52,40,33,22,63,43,21,30.19,30.14,30.09,10,10,10,18,7,,0.00,8,,76<br />
2006-5-9,62,58,54,45,35,26,69,45,27,30.09,29.99,29.90,10,10,10,20,13,26,0.00,8,Rain,6<br />
2006-5-10,64,58,52,54,50,46,93,74,62,29.92,29.88,29.86,10,10,6,13,10,20,0.03,8,Rain,23<br />
2006-5-11,61,56,51,56,53,51,100,87,77,29.91,29.85,29.71,10,8,0,23,10,30,0.02,8,Rain,94<br />
2006-5-12,66,60,55,59,57,55,100,91,78,29.78,29.69,29.62,10,5,0,29,17,44,1.01,7,Rain-Thunderstorm,112<br />
2006-5-13,71,61,53,55,53,47,100,80,57,30.01,29.89,29.79,10,9,1,17,8,,0.00,6,,46<br />
2006-5-14,61,55,50,50,48,46,86,78,69,30.06,30.02,29.99,10,10,9,16,12,,0.00,8,,34<br />
2006-5-15,64,58,51,55,51,46,100,90,70,30.04,29.91,29.85,10,6,0,20,11,25,0.76,7,Rain-Thunderstorm,56<br />
2006-5-16,64,58,53,54,51,46,100,85,54,29.80,29.66,29.61,10,6,0,20,9,,0.98,7,Rain-Thunderstorm,319<br />
2006-5-17,68,60,53,54,51,48,83,72,56,29.67,29.59,29.51,10,10,8,16,11,,0.00,2,,215<br />
2006-5-18,69,62,55,57,54,52,90,77,56,29.57,29.51,29.47,10,9,6,21,10,28,0.02,4,Rain-Thunderstorm,205<br />
2006-5-19,64,58,53,56,50,44,93,78,59,29.68,29.57,29.51,10,8,2,24,9,,1.08,6,Rain-Thunderstorm,257<br />
2006-5-20,69,60,52,49,43,38,75,56,33,29.75,29.66,29.60,10,10,10,25,17,31,0.00,4,,255<br />
2006-5-21,68,58,50,51,40,30,72,52,31,29.78,29.70,29.57,10,10,8,29,14,37,0.05,4,Rain,260<br />
2006-5-22,64,56,48,38,35,32,61,47,37,29.98,29.86,29.79,10,10,10,29,20,33,0.00,2,,305<br />
2006-5-23,69,57,46,39,34,29,56,45,30,30.03,29.98,29.91,10,10,10,28,18,37,0.00,2,,305<br />
2006-5-24,73,63,53,49,42,37,80,51,27,30.04,29.98,29.92,10,10,10,21,12,23,0.00,2,,282<br />
2006-5-25,71,62,54,56,50,46,86,65,44,29.96,29.89,29.79,10,10,10,18,8,,0.00,6,,195<br />
2006-5-26,68,62,57,63,59,55,100,91,81,29.79,29.68,29.59,10,3,0,12,5,,0.15,7,Fog-Rain-Thunderstorm,128<br />
2006-5-27,84,72,59,65,61,58,96,70,41,29.96,29.75,29.62,10,6,3,18,7,24,0.00,4,,6<br />
2006-5-28,79,70,62,61,58,56,90,69,47,30.16,30.11,29.97,10,9,6,15,11,,0.00,3,,91<br />
2006-5-29,77,68,60,63,60,58,94,80,64,30.15,30.09,30.01,10,8,2,17,6,,0.00,4,Rain-Thunderstorm,189<br />
2006-5-30,82,73,64,65,62,60,90,73,54,30.21,30.11,30.02,10,9,6,15,7,,0.00,3,,91<br />
2006-5-31,66,64,62,62,61,60,100,90,81,30.22,30.17,30.13,10,5,0,13,8,,0.00,7,Fog,141<br />
