
EDT,Max TemperatureF,Mean TemperatureF,Min TemperatureF,Max Dew PointF,MeanDew PointF,Min DewpointF,Max Humidity, Mean Humidity, Min Humidity, Max Sea Level PressureIn, Mean Sea Level PressureIn, Min Sea Level PressureIn, Max VisibilityMiles, Mean VisibilityMiles, Min VisibilityMiles, Max Wind SpeedMPH, Mean Wind SpeedMPH, Max Gust SpeedMPH,PrecipitationIn, CloudCover, Events, WindDirDegrees<br />
2006-7-1,81,73,66,65,60,55,76,64,50,30.18,30.13,30.09,10,9,7,17,10,,0.00,2,,214<br />
2006-7-2,90,80,70,68,65,59,87,66,48,30.11,30.02,29.94,10,8,5,21,14,47,0.03,5,Rain-Thunderstorm,223<br />
2006-7-3,86,80,73,70,67,65,84,73,55,30.05,30.02,29.98,10,9,6,20,10,,0.00,6,,223<br />
2006-7-4,86,78,71,72,70,67,94,78,61,29.99,29.93,29.87,9,5,0,28,9,37,0.65,7,Rain-Thunderstorm,208<br />
2006-7-5,75,72,69,72,68,65,94,87,76,29.96,29.93,29.88,10,5,1,16,9,21,0.95,8,Rain-Thunderstorm,245<br />
2006-7-6,78,70,62,68,59,53,93,71,45,30.14,30.02,29.91,10,8,4,15,6,,0.57,7,Rain,9<br />
2006-7-7,81,71,62,61,56,52,75,58,38,30.24,30.21,30.15,10,10,10,14,9,,0.00,4,,313<br />
2006-7-8,80,74,68,65,62,59,84,66,54,30.23,30.17,30.09,10,10,10,10,6,,0.00,6,,149<br />
2006-7-9,84,77,69,68,64,62,93,70,46,30.09,30.06,30.02,10,10,10,22,7,28,0.00,4,,219<br />
2006-7-10,79,72,66,68,64,56,81,74,59,30.10,30.07,30.04,10,10,8,22,11,29,0.00,3,,192<br />
2006-7-11,81,74,68,70,68,66,93,82,69,30.12,30.10,30.06,10,8,5,21,11,28,0.00,5,,189<br />
2006-7-12,81,76,71,72,70,68,94,86,71,30.11,30.03,29.94,6,4,1,24,8,30,1.11,7,Rain-Thunderstorm,184<br />
2006-7-13,86,78,70,72,69,64,94,74,51,29.99,29.91,29.89,10,8,2,16,12,26,0.33,6,Rain-Thunderstorm,269<br />
2006-7-14,79,72,66,68,66,64,94,83,66,30.05,30.02,29.98,10,9,5,13,5,,0.50,2,,197<br />
2006-7-15,79,72,66,68,66,64,96,81,60,30.01,29.95,29.91,10,9,4,12,6,,0.00,5,Rain,183<br />
2006-7-16,93,81,69,69,64,57,94,58,30,29.97,29.95,29.93,10,9,6,17,6,25,0.00,1,,346<br />
2006-7-17,93,83,75,72,68,64,79,58,39,29.99,29.95,29.91,10,10,9,16,7,,0.00,2,,227<br />
2006-7-18,95,83,73,72,70,64,84,64,44,30.06,29.96,29.92,10,8,5,36,10,45,0.06,4,Rain-Thunderstorm,232<br />
2006-7-19,77,78,73,68,67,65,84,72,53,30.21,30.13,30.01,10,10,6,20,8,23,0.00,6,,90<br />
2006-7-20,84,76,70,70,67,64,84,75,63,30.18,30.07,29.98,10,10,10,20,12,24,0.00,6,,26<br />
2006-7-21,84,78,71,75,70,66,94,80,62,29.99,29.91,29.86,10,7,2,24,8,31,1.04,6,Rain-Thunderstorm,195<br />
2006-7-22,79,75,72,73,71,69,94,88,82,29.86,29.76,29.70,8,5,2,23,10,28,0.09,7,Rain-Thunderstorm,192<br />
2006-7-23,79,74,68,72,64,60,93,76,56,29.94,29.85,29.74,10,10,7,14,10,,0.01,6,Rain,291<br />
2006-7-24,82,74,66,68,63,57,90,67,44,30.08,30.01,29.94,10,10,10,18,9,,0.00,1,,212<br />
2006-7-25,80,74,69,70,67,62,91,77,69,30.13,30.07,30.01,10,10,10,21,11,22,0.00,6,,194<br />
2006-7-26,82,76,69,71,69,66,94,83,62,30.03,29.99,29.94,10,9,5,18,9,,0.00,4,,201<br />
2006-7-27,83,78,72,74,71,68,93,84,74,30.01,29.98,29.96,10,8,5,25,12,31,0.17,5,Rain-Thunderstorm,207<br />
2006-7-28,85,79,73,75,71,65,93,78,62,29.99,29.92,29.83,10,8,4,30,12,33,0.05,5,Rain-Thunderstorm,228<br />
2006-7-29,90,82,74,70,68,63,87,65,43,29.95,29.89,29.82,10,10,7,21,12,23,0.00,2,,253<br />
2006-7-30,91,85,79,70,66,62,74,58,41,29.84,29.80,29.78,10,9,7,20,10,23,0.00,4,,309<br />
2006-7-31,88,81,73,72,67,61,82,64,46,29.92,29.89,29.86,10,10,10,20,10,23,0.00,3,,220<br />
