
EST,Max TemperatureF,Mean TemperatureF,Min TemperatureF,Max Dew PointF,MeanDew PointF,Min DewpointF,Max Humidity, Mean Humidity, Min Humidity, Max Sea Level PressureIn, Mean Sea Level PressureIn, Min Sea Level PressureIn, Max VisibilityMiles, Mean VisibilityMiles, Min VisibilityMiles, Max Wind SpeedMPH, Mean Wind SpeedMPH, Max Gust SpeedMPH,PrecipitationIn, CloudCover, Events, WindDirDegrees<br />
2005-12-1,48,43,38,34,30,27,70,60,49,30.02,29.86,29.63,10,10,10,20,11,25,0.00,5,,330<br />
2005-12-2,43,38,33,29,23,17,64,54,43,29.85,29.67,29.60,10,10,10,39,23,47,0.00,6,,268<br />
2005-12-3,37,34,30,17,15,12,58,48,38,30.10,30.03,29.87,10,10,10,29,19,33,0.00,3,,272<br />
2005-12-4,35,31,27,34,27,15,96,73,49,30.09,29.91,29.75,10,5,0,21,10,24,0.29,6,Fog-Snow,340<br />
2005-12-5,35,33,31,28,24,20,92,72,52,30.22,30.12,29.96,10,8,2,14,6,17,0.02,7,Snow,326<br />
2005-12-6,36,33,29,28,22,13,92,68,44,30.23,30.05,29.95,10,7,1,23,13,28,0.08,5,Snow,322<br />
2005-12-7,32,29,25,15,11,8,63,51,39,30.56,30.37,30.23,10,10,8,30,18,35,0.00,3,,284<br />
2005-12-8,32,27,21,17,11,9,62,51,39,30.71,30.61,30.46,10,10,10,28,10,32,0.00,3,,288<br />
2005-12-9,38,33,28,34,25,18,100,76,52,30.42,30.06,29.83,10,7,1,33,15,39,0.62,5,Rain-Snow,319<br />
2005-12-10,38,33,28,30,23,20,82,69,56,30.14,30.01,29.78,10,10,8,23,13,26,0.00,2,,242<br />
2005-12-11,40,35,30,31,28,21,92,70,48,29.75,29.65,29.59,10,9,4,24,12,28,0.00,4,,247<br />
2005-12-12,38,31,24,28,21,10,82,61,39,29.99,29.79,29.65,10,10,10,22,14,24,0.00,4,,284<br />
2005-12-13,26,22,18,11,5,1,62,49,36,30.45,30.24,30.01,10,10,10,23,14,25,0.00,1,,341<br />
2005-12-14,25,20,15,6,3,0,59,49,38,30.55,30.48,30.42,10,10,10,20,11,22,0.00,4,,355<br />
2005-12-15,44,30,16,42,18,7,100,70,39,30.45,30.27,29.93,10,10,5,25,9,31,0.21,6,Rain-Snow,41<br />
2005-12-16,55,45,35,52,39,27,100,77,53,30.17,29.79,29.55,10,8,0,38,19,47,0.83,5,Rain,241<br />
2005-12-17,42,38,33,28,21,18,75,60,44,30.52,30.42,30.20,10,10,10,20,12,22,0.00,4,,281<br />
2005-12-18,39,35,31,25,22,19,75,62,48,30.53,30.44,30.30,10,10,10,16,7,18,0.00,4,,282<br />
2005-12-19,39,33,26,23,17,10,61,51,40,30.27,30.19,30.13,10,10,10,25,13,31,0.00,4,,285<br />
2005-12-20,35,28,21,11,8,4,62,45,28,30.15,30.09,30.01,10,10,10,23,15,28,0.00,2,,270<br />
2005-12-21,33,29,25,17,14,12,68,56,43,30.24,30.17,30.11,10,10,10,23,13,28,0.00,3,,277<br />
2005-12-22,37,33,28,24,19,16,69,57,44,30.28,30.19,30.08,10,10,10,20,14,22,0.00,3,,251<br />
2005-12-23,48,41,33,37,28,24,86,64,42,30.07,29.97,29.88,10,10,9,21,12,24,T,6,Snow,220<br />
2005-12-24,55,44,32,37,30,27,85,66,46,29.98,29.93,29.88,10,9,5,15,6,16,0.00,3,,215<br />
2005-12-25,53,42,31,52,42,32,100,95,89,29.93,29.72,29.42,7,2,0,23,8,28,0.92,7,Fog-Rain,79<br />
2005-12-26,49,44,39,48,41,26,100,78,55,29.49,29.34,29.26,10,4,0,35,15,44,0.02,8,Fog-Rain,253<br />
2005-12-27,44,39,34,27,26,25,64,55,45,29.95,29.79,29.52,10,10,10,32,18,38,0.00,5,,307<br />
2005-12-28,49,39,29,45,36,26,93,79,65,29.96,29.85,29.66,10,10,9,18,8,22,0.00,6,,170<br />
2005-12-29,51,47,43,49,45,41,100,90,80,29.64,29.40,29.27,10,5,0,22,9,26,0.46,8,Fog-Rain,289<br />
2005-12-30,48,40,32,39,29,24,77,63,49,29.89,29.71,29.40,10,10,10,32,18,39,0.00,3,,312<br />
2005-12-31,37,34,30,33,28,21,96,83,69,29.93,29.85,29.77,10,7,2,15,8,18,0.28,7,Rain-Snow,24<br />
