
EST,Max TemperatureF,Mean TemperatureF,Min TemperatureF,Max Dew PointF,MeanDew PointF,Min DewpointF,Max Humidity, Mean Humidity, Min Humidity, Max Sea Level PressureIn, Mean Sea Level PressureIn, Min Sea Level PressureIn, Max VisibilityMiles, Mean VisibilityMiles, Min VisibilityMiles, Max Wind SpeedMPH, Mean Wind SpeedMPH, Max Gust SpeedMPH,PrecipitationIn, CloudCover, Events, WindDirDegrees<br />
2003-12-1,50,44,36,37,31,20,83,61,41,30.09,29.88,29.76,10,10,8,29,17,38,0.00,5,Rain,270<br />
2003-12-2,37,30,21,27,14,0,86,50,27,30.40,30.19,30.06,10,9,1,36,20,43,0.01,3,Snow,294<br />
2003-12-3,30,26,21,13,8,5,58,47,36,30.53,30.49,30.40,10,10,10,22,17,28,0.00,1,,308<br />
2003-12-4,41,34,26,29,20,14,88,60,40,30.50,30.42,30.33,10,10,10,18,10,23,0.00,5,,261<br />
2003-12-5,35,32,28,32,30,26,100,95,82,30.32,30.16,30.00,10,4,0,25,13,31,0.56,8,Fog-Snow,39<br />
2003-12-6,32,28,23,32,26,22,100,97,86,29.97,29.82,29.72,7,2,0,31,23,45,0.37,8,Fog-Snow,355<br />
2003-12-7,28,26,24,23,19,15,93,74,61,29.99,29.83,29.76,10,9,2,28,20,33,0.01,6,Snow,315<br />
2003-12-8,35,28,21,27,20,15,79,70,59,30.21,30.11,30.00,10,10,10,18,13,,0.00,3,,328<br />
2003-12-9,36,32,28,33,27,23,96,79,67,30.31,30.27,30.21,10,10,10,9,4,,0.00,7,,29<br />
2003-12-10,50,42,33,50,42,32,100,97,89,30.27,30.10,29.79,10,10,9,20,9,28,0.00,8,,81<br />
2003-12-11,57,49,39,55,47,24,100,88,53,29.75,29.40,29.14,10,6,0,36,22,43,0.52,7,Fog-Rain,143<br />
2003-12-12,42,38,34,24,20,12,53,47,40,30.22,29.99,29.69,10,10,10,26,19,37,0.00,2,,299<br />
2003-12-13,35,32,30,18,12,9,59,44,34,30.48,30.40,30.22,10,10,10,15,12,22,0.00,4,,332<br />
2003-12-14,46,37,28,47,29,11,100,86,47,30.46,30.12,29.49,10,5,0,29,16,40,1.09,8,Fog-Rain-Snow,59<br />
2003-12-15,44,37,30,44,29,23,100,77,57,30.07,29.71,29.42,10,9,2,31,20,46,0.12,5,Rain-Snow,300<br />
2003-12-16,45,36,28,43,32,24,97,78,53,30.25,30.14,30.00,10,10,10,17,11,,0.00,4,,219<br />
2003-12-17,53,45,36,52,45,27,100,94,70,29.97,29.60,29.40,10,6,0,26,16,34,0.53,7,Fog-Rain-Snow,214<br />
2003-12-18,37,34,32,25,21,19,72,60,50,29.73,29.63,29.50,10,10,10,29,23,36,0.00,4,,258<br />
2003-12-19,35,32,30,24,19,17,76,58,48,29.80,29.75,29.71,10,10,10,16,11,,0.00,5,,287<br />
2003-12-20,39,34,27,26,20,11,82,59,45,30.20,29.96,29.79,10,10,10,22,11,26,0.00,4,,288<br />
2003-12-21,39,32,25,25,18,11,64,56,43,30.32,30.22,30.13,10,10,10,23,15,28,0.00,3,,250<br />
2003-12-22,46,40,34,41,30,24,96,68,47,30.14,30.11,30.07,10,10,10,16,12,,0.00,4,,223<br />
2003-12-23,48,45,42,48,41,34,100,84,73,30.14,30.09,30.06,10,10,9,20,9,,0.00,6,,184<br />
2003-12-24,54,49,44,54,50,43,100,99,96,30.05,29.80,29.68,10,5,0,25,13,37,0.71,8,Fog-Rain,174<br />
2003-12-25,44,40,34,42,32,22,97,72,54,30.02,29.89,29.82,10,10,10,24,13,30,0.00,4,,274<br />
2003-12-26,42,36,30,29,24,21,69,60,45,30.08,30.02,29.96,10,10,10,31,19,36,0.00,4,,271<br />
2003-12-27,52,44,36,31,26,24,76,54,34,30.30,30.17,30.04,10,10,10,23,15,23,0.00,0,,331<br />
2003-12-28,48,39,30,37,28,18,100,71,33,30.43,30.35,30.28,10,10,10,8,5,,0.00,1,,238<br />
2003-12-29,48,40,33,43,38,33,100,93,68,30.27,30.14,29.95,10,9,4,14,9,,0.00,2,,213<br />
2003-12-30,53,45,37,49,37,25,100,74,44,30.19,29.93,29.77,10,10,8,32,15,37,0.00,5,Rain,243<br />
2003-12-31,44,40,36,37,29,24,82,66,53,30.34,30.21,30.09,10,10,10,18,13,,0.00,2,,246<br />
