
EDT,Max TemperatureF,Mean TemperatureF,Min TemperatureF,Max Dew PointF,MeanDew PointF,Min DewpointF,Max Humidity, Mean Humidity, Min Humidity, Max Sea Level PressureIn, Mean Sea Level PressureIn, Min Sea Level PressureIn, Max VisibilityMiles, Mean VisibilityMiles, Min VisibilityMiles, Max Wind SpeedMPH, Mean Wind SpeedMPH, Max Gust SpeedMPH,PrecipitationIn, CloudCover, Events, WindDirDegrees<br />
2005-7-1,80,74,68,70,68,66,100,85,69,29.85,29.77,29.72,10,7,0,17,7,20,0.05,6,Rain-Thunderstorm,169<br />
2005-7-2,83,76,69,69,61,54,100,71,42,29.99,29.85,29.72,10,9,4,16,9,20,0.02,5,Rain,339<br />
2005-7-3,78,71,63,56,54,51,73,58,42,30.18,30.12,30.00,10,10,10,18,10,23,0.00,4,,82<br />
2005-7-4,78,70,62,65,59,54,87,66,45,30.19,30.15,30.12,10,10,9,16,8,18,0.00,3,,105<br />
2005-7-5,79,74,68,70,67,66,93,81,69,30.11,30.01,29.91,10,8,0,23,10,28,T,7,Rain,185<br />
2005-7-6,80,75,70,72,70,69,100,87,74,29.99,29.91,29.86,9,6,1,15,7,18,1.03,8,Rain-Thunderstorm,129<br />
2005-7-7,73,69,65,68,62,61,97,81,64,30.15,30.08,30.00,10,10,5,18,10,21,0.00,8,,72<br />
2005-7-8,66,64,61,64,61,59,100,91,81,30.15,30.00,29.89,10,6,1,24,12,29,1.30,8,Rain,46<br />
2005-7-9,84,73,61,65,61,58,100,74,47,30.01,29.98,29.96,10,10,2,32,12,37,0.09,5,Rain-Thunderstorm,277<br />
2005-7-10,92,81,69,61,56,51,73,51,29,30.04,30.01,29.99,10,10,10,24,14,29,0.00,2,,284<br />
2005-7-11,92,80,67,69,62,54,78,58,37,30.04,29.99,29.94,10,10,10,18,11,22,0.00,3,,282<br />
2005-7-12,84,76,67,70,64,59,81,66,51,30.10,30.05,29.98,10,10,10,21,10,24,T,4,,89<br />
2005-7-13,76,72,67,70,67,63,100,90,79,30.07,30.03,29.98,10,7,0,20,8,22,0.96,7,Rain-Thunderstorm,125<br />
2005-7-14,80,75,70,72,71,70,100,87,74,30.04,30.02,29.99,10,5,0,14,8,15,0.00,6,Fog,147<br />
2005-7-15,81,76,71,73,72,71,100,87,74,30.09,30.05,30.00,10,6,0,13,7,15,0.00,6,Fog,163<br />
2005-7-16,81,77,72,72,71,70,100,87,74,30.15,30.12,30.10,10,8,0,14,8,15,0.00,7,,115<br />
2005-7-17,80,76,72,75,74,72,100,94,88,30.12,30.08,30.03,9,2,0,17,8,20,1.73,8,Fog-Rain-Thunderstorm,138<br />
2005-7-18,86,80,74,77,75,73,100,87,74,30.03,29.98,29.92,6,2,0,17,6,21,0.01,7,Fog-Thunderstorm,181<br />
2005-7-19,90,83,76,77,75,72,100,78,56,29.95,29.91,29.86,8,5,2,20,10,23,0.00,3,,221<br />
2005-7-20,91,84,77,71,64,57,79,58,37,30.00,29.96,29.93,10,10,8,17,8,21,0.00,3,,317<br />
2005-7-21,89,81,73,73,64,59,85,63,40,30.01,29.95,29.89,10,10,8,18,9,21,0.00,3,,255<br />
2005-7-22,91,83,74,70,65,57,79,58,36,29.94,29.91,29.87,10,10,10,16,7,18,0.00,4,,338<br />
2005-7-23,85,79,72,66,58,50,84,58,31,30.06,29.99,29.92,10,10,10,22,12,28,T,2,Rain,356<br />
2005-7-24,86,77,67,68,58,51,79,57,34,30.11,30.05,29.99,10,10,10,24,12,28,0.00,4,,246<br />
2005-7-25,83,77,70,72,68,62,93,79,65,29.97,29.88,29.80,10,9,5,22,13,26,0.02,5,Rain-Thunderstorm,212<br />
2005-7-26,89,79,69,76,72,69,100,78,55,29.89,29.86,29.80,7,5,2,22,10,28,0.00,3,,185<br />
2005-7-27,87,80,73,76,73,66,88,73,58,29.90,29.81,29.73,10,6,4,25,12,29,T,3,Rain,218<br />
2005-7-28,79,74,68,64,62,58,84,69,54,30.09,30.02,29.90,10,10,10,21,10,26,0.00,6,,52<br />
2005-7-29,82,75,68,69,67,64,93,78,62,30.17,30.13,30.09,10,10,9,21,12,23,0.00,6,,207<br />
2005-7-30,83,76,69,71,69,65,93,79,65,30.25,30.21,30.17,10,8,6,13,6,14,0.00,7,,185<br />
2005-7-31,81,74,67,67,66,64,100,81,62,30.26,30.23,30.19,10,9,6,15,8,17,0.00,6,,103<br />
