
EDT,Max TemperatureF,Mean TemperatureF,Min TemperatureF,Max Dew PointF,MeanDew PointF,Min DewpointF,Max Humidity, Mean Humidity, Min Humidity, Max Sea Level PressureIn, Mean Sea Level PressureIn, Min Sea Level PressureIn, Max VisibilityMiles, Mean VisibilityMiles, Min VisibilityMiles, Max Wind SpeedMPH, Mean Wind SpeedMPH, Max Gust SpeedMPH,PrecipitationIn, CloudCover, Events, WindDirDegrees<br />
2004-5-1,64,58,52,58,55,51,100,91,80,30.19,30.12,30.06,10,10,7,26,11,32,0.00,4,,178<br />
2004-5-2,61,58,55,58,56,55,100,99,87,30.07,29.95,29.83,7,1,0,26,14,32,0.02,7,Fog-Rain,173<br />
2004-5-3,63,54,46,61,51,42,100,94,83,29.92,29.87,29.81,10,6,0,24,15,26,0.39,8,Rain,322<br />
2004-5-4,62,52,43,40,32,26,76,49,28,30.05,29.97,29.87,10,10,10,23,17,33,0.00,3,,300<br />
2004-5-5,60,52,46,52,48,39,97,84,74,30.05,29.99,29.91,10,10,7,21,9,29,0.04,5,Rain,196<br />
2004-5-6,64,56,48,52,46,40,100,72,45,30.12,30.06,30.00,10,10,8,17,9,,0.00,3,,247<br />
2004-5-7,82,66,51,64,53,32,100,69,24,30.17,30.04,29.99,10,9,4,21,10,25,0.05,7,Rain-Thunderstorm,243<br />
2004-5-8,62,55,48,41,33,22,74,48,26,30.44,30.36,30.22,10,10,10,21,16,28,0.00,4,,111<br />
2004-5-9,64,56,48,54,50,42,96,83,70,30.32,30.19,30.12,10,10,10,13,7,,0.03,5,Rain,151<br />
2004-5-10,66,60,53,59,55,52,100,89,68,30.19,30.14,30.08,10,7,0,14,6,,0.00,6,Thunderstorm,111<br />
2004-5-11,77,66,57,65,62,58,100,86,69,30.14,30.11,30.08,10,7,2,13,7,26,0.20,5,Rain-Thunderstorm,187<br />
2004-5-12,82,72,62,68,65,60,94,81,62,30.19,30.15,30.12,10,6,2,15,4,,0.01,4,Rain-Thunderstorm,228<br />
2004-5-13,82,68,57,70,62,55,100,88,69,30.29,30.21,30.16,8,5,3,22,7,25,0.00,4,,139<br />
2004-5-14,64,60,55,60,57,55,100,95,81,30.30,30.25,30.16,10,3,0,14,10,,0.00,8,Fog,101<br />
2004-5-15,78,67,59,66,63,58,100,85,67,30.16,30.11,30.04,10,8,0,20,5,29,0.00,3,Rain-Thunderstorm,172<br />
2004-5-16,78,71,64,68,62,57,100,80,48,30.32,30.23,30.12,10,9,4,15,9,16,0.18,5,Rain-Thunderstorm,281<br />
2004-5-17,68,62,57,63,59,57,100,93,75,30.45,30.38,30.32,10,6,0,14,9,,0.00,6,Fog,88<br />
2004-5-18,73,66,60,66,63,60,100,93,79,30.31,30.16,30.02,9,4,0,16,8,,0.01,6,Fog,178<br />
2004-5-19,73,66,59,68,63,56,100,90,70,30.23,30.12,30.02,10,7,0,14,9,,0.51,7,Rain,1<br />
2004-5-20,69,62,57,58,54,40,100,81,36,30.32,30.25,30.15,10,8,0,14,6,,0.00,6,,132<br />
2004-5-21,73,66,60,68,62,55,100,91,82,30.15,30.06,30.01,10,6,2,13,8,,0.13,7,Rain-Thunderstorm,195<br />
2004-5-22,75,68,60,69,64,60,100,94,79,30.00,29.94,29.88,8,4,0,15,6,17,0.00,6,Fog,142<br />
2004-5-23,80,68,57,71,64,57,100,88,73,29.92,29.86,29.81,10,5,0,13,7,,0.00,6,,119<br />
2004-5-24,73,67,61,67,63,61,100,94,81,29.86,29.81,29.75,7,4,2,13,7,,0.08,6,Rain-Thunderstorm,93<br />
2004-5-25,69,62,57,64,60,55,100,92,75,29.94,29.89,29.79,10,6,0,23,12,32,0.00,5,,114<br />
2004-5-26,61,57,53,59,55,54,100,98,93,29.95,29.85,29.73,10,5,0,16,11,18,0.09,8,Rain,94<br />
2004-5-27,72,62,55,62,58,55,100,93,73,29.78,29.75,29.72,10,7,0,15,8,22,0.01,6,Rain-Thunderstorm,128<br />
2004-5-28,77,67,59,70,62,45,100,87,48,29.75,29.63,29.55,10,4,0,29,9,34,0.13,6,Fog-Rain-Thunderstorm,218<br />
2004-5-29,68,60,55,45,39,33,64,44,30,30.05,29.93,29.76,10,10,10,23,16,30,0.00,2,,319<br />
2004-5-30,71,62,54,60,46,35,93,56,38,30.09,29.99,29.88,10,10,10,21,9,,0.00,1,,249<br />
2004-5-31,68,62,57,61,57,47,100,89,56,29.90,29.78,29.67,10,8,4,16,8,23,0.12,7,Rain,77<br />
