
EST,Max TemperatureF,Mean TemperatureF,Min TemperatureF,Max Dew PointF,MeanDew PointF,Min DewpointF,Max Humidity, Mean Humidity, Min Humidity, Max Sea Level PressureIn, Mean Sea Level PressureIn, Min Sea Level PressureIn, Max VisibilityMiles, Mean VisibilityMiles, Min VisibilityMiles, Max Wind SpeedMPH, Mean Wind SpeedMPH, Max Gust SpeedMPH,PrecipitationIn, CloudCover, Events, WindDirDegrees<br />
2006-10-1,69,63,57,63,55,47,90,71,52,30.08,30.02,29.97,10,9,2,24,11,29,0.25,5,Rain,220<br />
2006-10-2,71,63,55,48,46,44,77,59,40,30.20,30.13,30.06,10,10,10,20,9,23,0.00,1,,311<br />
2006-10-3,75,64,52,62,56,50,90,70,49,30.22,30.17,30.10,10,10,10,16,8,18,0.00,5,,212<br />
2006-10-4,74,68,62,64,62,59,90,79,68,30.14,30.03,29.91,10,8,2,18,10,22,0.68,5,Rain-Thunderstorm,202<br />
2006-10-5,67,60,53,64,48,39,93,67,40,30.25,30.11,29.91,10,9,3,25,12,30,0.15,5,Rain-Thunderstorm,356<br />
2006-10-6,58,56,53,46,42,40,72,62,51,30.40,30.34,30.24,10,10,10,24,16,31,0.02,7,Rain,41<br />
2006-10-7,64,58,52,48,46,41,77,67,56,30.39,30.37,30.35,10,10,10,22,13,29,T,7,Rain,37<br />
2006-10-8,66,58,50,52,49,46,86,69,52,30.38,30.31,30.22,10,10,10,12,7,14,0.00,1,,202<br />
2006-10-9,74,64,53,59,54,48,86,70,53,30.21,30.12,30.04,10,10,10,15,7,17,0.00,0,,221<br />
2006-10-10,76,67,57,59,54,50,90,67,44,30.05,30.01,29.97,10,10,10,15,7,16,0.00,2,,89<br />
2006-10-11,64,62,59,59,56,53,96,85,73,30.01,29.89,29.63,10,7,2,15,11,22,0.79,8,Rain,57<br />
2006-10-12,70,60,50,63,54,21,96,62,28,29.73,29.58,29.53,10,8,5,28,12,32,0.16,6,Rain,253<br />
2006-10-13,55,48,41,34,25,15,56,42,28,29.94,29.89,29.80,20,10,10,25,13,31,T,2,,250<br />
2006-10-14,60,52,44,37,29,20,71,48,24,29.99,29.87,29.78,10,10,10,23,14,32,0.00,1,,255<br />
2006-10-15,59,51,42,33,30,27,67,50,33,30.19,30.08,30.01,10,10,10,20,10,25,0.00,2,,265<br />
2006-10-16,60,50,39,43,37,32,79,59,36,30.33,30.29,30.21,10,10,10,12,5,,0.00,4,,162<br />
2006-10-17,63,59,55,59,50,42,93,75,57,30.30,30.11,29.90,10,7,3,30,15,37,1.03,8,Rain,143<br />
2006-10-18,75,69,62,62,59,52,93,74,54,29.87,29.84,29.80,10,7,1,22,11,25,T,7,,233<br />
2006-10-19,67,61,55,61,56,51,87,77,67,29.89,29.82,29.70,10,9,4,17,8,20,0.08,7,Rain,159<br />
2006-10-20,66,57,47,64,55,31,93,71,49,29.79,29.53,29.31,10,4,0,41,15,48,0.30,7,Rain,172<br />
2006-10-21,59,52,45,38,33,31,65,51,36,30.06,29.95,29.80,10,10,10,26,14,32,0.00,1,,292<br />
2006-10-22,61,51,41,49,43,37,89,71,53,30.06,29.94,29.74,10,10,8,23,9,26,T,4,Rain,171<br />
2006-10-23,57,51,45,49,33,24,72,55,38,29.75,29.72,29.70,10,10,10,24,16,29,0.00,5,,289<br />
2006-10-24,53,48,42,30,29,27,57,48,39,29.82,29.73,29.68,10,10,10,26,17,32,0.00,5,,295<br />
2006-10-25,56,50,43,32,30,27,67,53,38,30.02,29.90,29.82,10,10,10,31,19,38,0.00,3,,297<br />
2006-10-26,52,46,41,31,29,27,65,51,41,30.19,30.11,30.03,10,10,10,20,13,26,0.00,3,,302<br />
2006-10-27,51,43,34,47,35,27,93,70,46,30.23,30.11,29.89,10,9,5,20,6,23,0.34,5,Rain,158<br />
2006-10-28,65,56,46,61,50,30,93,70,46,29.85,29.34,29.10,10,6,2,39,28,54,1.07,7,Rain,192<br />
2006-10-29,55,50,45,32,26,20,58,42,26,29.92,29.65,29.39,10,10,10,39,25,47,0.00,3,,256<br />
2006-10-30,61,53,44,41,30,25,66,47,27,30.08,30.03,29.95,10,10,10,21,14,25,0.00,1,,246<br />
2006-10-31,63,55,46,53,48,39,86,75,64,30.07,29.96,29.89,10,10,10,15,10,17,0.00,5,,208<br />
